"Company"
"AMEP.OB"
