"Company"
"BMET"
