"Company"
"BPN"
