"Company"
"CMLI.OB"
