"Company"
"FMLY.OB"
