"Company"
"OLGX.OB"
