"Company"
"ORBK"
