"Company"
"PDGE.OB"
