"Company"
"SLG.V"
