"Company"
"UNTD"
